,entry_time,exit_time,entry_price,exit_price,reason,pl_abs,cum,account_balance
0,2023-11-23 09:36:00+05:30,2023-11-23 09:57:00+05:30,923.0999755859375,923.9000244140625,INDICATOR,0.800048828125,0.800048828125,1000.800048828125
1,2023-11-23 10:11:00+05:30,2023-11-23 11:01:00+05:30,922.4000244140625,921.7000122070312,INDICATOR,-0.70001220703125,0.10003662109375,1000.1000366210938
2,2023-11-23 11:10:00+05:30,2023-11-23 11:30:00+05:30,920.2000122070312,920.9000244140625,INDICATOR,0.70001220703125,0.800048828125,1000.800048828125
3,2023-11-23 11:36:00+05:30,2023-11-23 12:17:00+05:30,920.0999755859375,919.2999877929688,INDICATOR,-0.79998779296875,6.103515625e-05,1000.0000610351562
4,2023-11-23 13:04:00+05:30,2023-11-23 13:13:00+05:30,921.4000244140625,922.0,INDICATOR,0.5999755859375,0.60003662109375,1000.6000366210938
5,2023-11-23 13:34:00+05:30,2023-11-23 13:44:00+05:30,921.5,922.0499877929688,INDICATOR,0.54998779296875,1.1500244140625,1001.1500244140625
6,2023-11-23 14:13:00+05:30,2023-11-23 14:26:00+05:30,922.5,923.0999755859375,INDICATOR,0.5999755859375,1.75,1001.75
7,2023-11-23 14:50:00+05:30,2023-11-23 14:59:00+05:30,922.75,923.5,INDICATOR,0.75,2.5,1002.5
8,2023-11-23 15:04:00+05:30,2023-11-23 15:16:00+05:30,922.7999877929688,922.5,EOD,-0.29998779296875,2.20001220703125,1002.2000122070312
9,2023-11-24 09:16:00+05:30,2023-11-24 09:43:00+05:30,922.6500244140625,921.5,INDICATOR,-1.1500244140625,1.04998779296875,1001.0499877929688
10,2023-11-24 09:52:00+05:30,2023-11-24 09:55:00+05:30,920.7999877929688,921.8499755859375,INDICATOR,1.04998779296875,2.0999755859375,1002.0999755859375
11,2023-11-24 11:02:00+05:30,2023-11-24 11:17:00+05:30,923.2999877929688,924.4500122070312,INDICATOR,1.1500244140625,3.25,1003.25
12,2023-11-24 11:51:00+05:30,2023-11-24 12:02:00+05:30,924.4500122070312,925.0999755859375,INDICATOR,0.64996337890625,3.89996337890625,1003.8999633789062
13,2023-11-24 12:26:00+05:30,2023-11-24 12:57:00+05:30,924.5,924.5499877929688,INDICATOR,0.04998779296875,3.949951171875,1003.949951171875
14,2023-11-24 13:04:00+05:30,2023-11-24 13:29:00+05:30,923.7999877929688,922.7999877929688,INDICATOR,-1.0,2.949951171875,1002.949951171875
15,2023-11-24 14:09:00+05:30,2023-11-24 14:18:00+05:30,922.9500122070312,924.5499877929688,INDICATOR,1.5999755859375,4.5499267578125,1004.5499267578125
16,2023-11-28 09:15:00+05:30,2023-11-28 09:38:00+05:30,926.4500122070312,926.1500244140625,INDICATOR,-0.29998779296875,4.24993896484375,1004.2499389648438
17,2023-11-28 09:59:00+05:30,2023-11-28 10:12:00+05:30,926.5,926.9500122070312,INDICATOR,0.45001220703125,4.699951171875,1004.699951171875
18,2023-11-28 10:29:00+05:30,2023-11-28 10:54:00+05:30,926.0,925.7000122070312,INDICATOR,-0.29998779296875,4.39996337890625,1004.3999633789062
19,2023-11-28 11:20:00+05:30,2023-11-28 11:21:00+05:30,925.0,925.9500122070312,INDICATOR,0.95001220703125,5.3499755859375,1005.3499755859375
20,2023-11-28 11:39:00+05:30,2023-11-28 12:44:00+05:30,925.0999755859375,923.4500122070312,INDICATOR,-1.64996337890625,3.70001220703125,1003.7000122070312
21,2023-11-28 13:04:00+05:30,2023-11-28 13:39:00+05:30,923.2000122070312,922.75,INDICATOR,-0.45001220703125,3.25,1003.25
22,2023-11-28 13:55:00+05:30,2023-11-28 14:16:00+05:30,922.5499877929688,922.8499755859375,INDICATOR,0.29998779296875,3.54998779296875,1003.5499877929688
23,2023-11-28 14:42:00+05:30,2023-11-28 14:56:00+05:30,924.25,925.0499877929688,INDICATOR,0.79998779296875,4.3499755859375,1004.3499755859375
24,2023-11-28 15:00:00+05:30,2023-11-28 15:07:00+05:30,923.0,925.6500244140625,INDICATOR,2.6500244140625,7.0,1007.0
25,2023-11-29 09:35:00+05:30,2023-11-29 09:51:00+05:30,927.1500244140625,928.4500122070312,INDICATOR,1.29998779296875,8.29998779296875,1008.2999877929688
26,2023-11-29 10:36:00+05:30,2023-11-29 11:10:00+05:30,928.5999755859375,927.25,INDICATOR,-1.3499755859375,6.95001220703125,1006.9500122070312
27,2023-11-29 12:12:00+05:30,2023-11-29 12:19:00+05:30,931.7999877929688,932.5999755859375,INDICATOR,0.79998779296875,7.75,1007.75
28,2023-11-29 12:24:00+05:30,2023-11-29 12:40:00+05:30,931.7000122070312,932.6500244140625,INDICATOR,0.95001220703125,8.70001220703125,1008.7000122070312
29,2023-11-29 13:03:00+05:30,2023-11-29 13:06:00+05:30,931.7999877929688,932.6500244140625,INDICATOR,0.85003662109375,9.550048828125,1009.550048828125
30,2023-11-29 14:03:00+05:30,2023-11-29 14:28:00+05:30,935.4500122070312,935.5,INDICATOR,0.04998779296875,9.60003662109375,1009.6000366210938
31,2023-11-29 14:56:00+05:30,2023-11-29 15:02:00+05:30,936.9000244140625,937.9000244140625,INDICATOR,1.0,10.60003662109375,1010.6000366210938
32,2023-11-30 09:16:00+05:30,2023-11-30 10:39:00+05:30,938.1500244140625,930.9500122070312,INDICATOR,-7.20001220703125,3.4000244140625,1003.4000244140625
33,2023-11-30 10:49:00+05:30,2023-11-30 11:15:00+05:30,930.0,931.4000244140625,INDICATOR,1.4000244140625,4.800048828125,1004.800048828125
34,2023-11-30 11:33:00+05:30,2023-11-30 11:49:00+05:30,930.7999877929688,931.0,INDICATOR,0.20001220703125,5.00006103515625,1005.0000610351562
35,2023-11-30 12:22:00+05:30,2023-11-30 12:41:00+05:30,930.75,932.9000244140625,INDICATOR,2.1500244140625,7.15008544921875,1007.1500854492188
36,2023-11-30 12:55:00+05:30,2023-11-30 13:09:00+05:30,932.5499877929688,933.6500244140625,INDICATOR,1.10003662109375,8.2501220703125,1008.2501220703125
37,2023-11-30 14:00:00+05:30,2023-11-30 14:22:00+05:30,934.8499755859375,934.9500122070312,INDICATOR,0.10003662109375,8.35015869140625,1008.3501586914062
38,2023-11-30 14:47:00+05:30,2023-11-30 15:07:00+05:30,934.25,935.8499755859375,INDICATOR,1.5999755859375,9.95013427734375,1009.9501342773438
39,2023-12-01 10:46:00+05:30,2023-12-01 11:26:00+05:30,944.9000244140625,945.0,INDICATOR,0.0999755859375,10.05010986328125,1010.0501098632812
40,2023-12-01 11:56:00+05:30,2023-12-01 12:35:00+05:30,945.5499877929688,945.3499755859375,INDICATOR,-0.20001220703125,9.85009765625,1009.85009765625
41,2023-12-01 12:57:00+05:30,2023-12-01 13:14:00+05:30,944.75,944.7999877929688,INDICATOR,0.04998779296875,9.90008544921875,1009.9000854492188
42,2023-12-01 13:56:00+05:30,2023-12-01 14:04:00+05:30,948.5,949.9000244140625,INDICATOR,1.4000244140625,11.30010986328125,1011.3001098632812
43,2023-12-01 14:07:00+05:30,2023-12-01 14:21:00+05:30,948.25,950.75,INDICATOR,2.5,13.80010986328125,1013.8001098632812
44,2023-12-01 14:35:00+05:30,2023-12-01 15:16:00+05:30,949.5999755859375,946.5,EOD,-3.0999755859375,10.70013427734375,1010.7001342773438
