,entry_time,exit_time,entry_price,exit_price,reason,pl_abs,cum,account_balance
0,2023-11-23 09:58:00+05:30,2023-11-23 10:05:00+05:30,923.9500122070312,922.75,INDICATOR,-1.20001220703125,-1.20001220703125,998.7999877929688
1,2023-11-23 11:01:00+05:30,2023-11-23 11:11:00+05:30,921.7000122070312,919.75,INDICATOR,-1.95001220703125,-3.1500244140625,996.8499755859375
2,2023-11-23 12:20:00+05:30,2023-11-23 13:10:00+05:30,919.75,921.0999755859375,INDICATOR,1.3499755859375,-1.800048828125,998.199951171875
3,2023-11-23 13:13:00+05:30,2023-11-23 13:34:00+05:30,922.0,921.5,INDICATOR,-0.5,-2.300048828125,997.699951171875
4,2023-11-23 13:45:00+05:30,2023-11-23 14:14:00+05:30,922.6500244140625,922.6500244140625,INDICATOR,0.0,-2.300048828125,997.699951171875
5,2023-11-23 14:25:00+05:30,2023-11-23 14:51:00+05:30,922.7999877929688,922.7000122070312,INDICATOR,-0.0999755859375,-2.4000244140625,997.5999755859375
6,2023-11-23 14:53:00+05:30,2023-11-23 15:06:00+05:30,923.0499877929688,922.9000244140625,INDICATOR,-0.14996337890625,-2.54998779296875,997.4500122070312
7,2023-11-24 09:15:00+05:30,2023-11-24 09:16:00+05:30,922.8499755859375,922.6500244140625,INDICATOR,-0.199951171875,-2.74993896484375,997.2500610351562
8,2023-11-24 09:46:00+05:30,2023-11-24 09:49:00+05:30,921.75,921.0,INDICATOR,-0.75,-3.49993896484375,996.5000610351562
9,2023-11-24 09:57:00+05:30,2023-11-24 11:02:00+05:30,921.7999877929688,923.2999877929688,INDICATOR,1.5,-1.99993896484375,998.0000610351562
10,2023-11-24 11:09:00+05:30,2023-11-24 11:56:00+05:30,923.9500122070312,924.3499755859375,INDICATOR,0.39996337890625,-1.5999755859375,998.4000244140625
11,2023-11-24 12:02:00+05:30,2023-11-24 12:25:00+05:30,925.0999755859375,924.75,INDICATOR,-0.3499755859375,-1.949951171875,998.050048828125
12,2023-11-24 12:58:00+05:30,2023-11-24 13:04:00+05:30,924.5999755859375,923.7999877929688,INDICATOR,-0.79998779296875,-2.74993896484375,997.2500610351562
13,2023-11-24 13:33:00+05:30,2023-11-24 15:16:00+05:30,922.9500122070312,929.9500122070312,EOD,7.0,4.25006103515625,1004.2500610351562
14,2023-11-28 09:41:00+05:30,2023-11-28 09:45:00+05:30,926.5,926.0,INDICATOR,-0.5,3.75006103515625,1003.7500610351562
15,2023-11-28 09:46:00+05:30,2023-11-28 10:03:00+05:30,926.1500244140625,926.0,INDICATOR,-0.1500244140625,3.60003662109375,1003.6000366210938
16,2023-11-28 10:14:00+05:30,2023-11-28 10:30:00+05:30,927.2000122070312,925.9000244140625,INDICATOR,-1.29998779296875,2.300048828125,1002.300048828125
17,2023-11-28 11:02:00+05:30,2023-11-28 11:05:00+05:30,925.7000122070312,925.4000244140625,INDICATOR,-0.29998779296875,2.00006103515625,1002.0000610351562
18,2023-11-28 11:07:00+05:30,2023-11-28 11:12:00+05:30,925.5999755859375,925.2999877929688,INDICATOR,-0.29998779296875,1.7000732421875,1001.7000732421875
19,2023-11-28 11:16:00+05:30,2023-11-28 11:17:00+05:30,925.7999877929688,925.3499755859375,INDICATOR,-0.45001220703125,1.25006103515625,1001.2500610351562
20,2023-11-28 11:22:00+05:30,2023-11-28 11:25:00+05:30,925.9500122070312,925.3499755859375,INDICATOR,-0.60003662109375,0.6500244140625,1000.6500244140625
21,2023-11-28 11:26:00+05:30,2023-11-28 11:39:00+05:30,925.5999755859375,925.0999755859375,INDICATOR,-0.5,0.1500244140625,1000.1500244140625
22,2023-11-28 12:45:00+05:30,2023-11-28 13:05:00+05:30,924.2999877929688,923.2999877929688,INDICATOR,-1.0,-0.8499755859375,999.1500244140625
23,2023-11-28 13:42:00+05:30,2023-11-28 13:55:00+05:30,923.2000122070312,922.5499877929688,INDICATOR,-0.6500244140625,-1.5,998.5
24,2023-11-28 14:17:00+05:30,2023-11-28 14:47:00+05:30,922.7999877929688,924.2999877929688,INDICATOR,1.5,0.0,1000.0
25,2023-11-28 15:08:00+05:30,2023-11-28 15:16:00+05:30,925.2999877929688,923.9000244140625,EOD,-1.39996337890625,-1.39996337890625,998.6000366210938
26,2023-11-29 09:15:00+05:30,2023-11-29 10:37:00+05:30,929.0499877929688,928.5,INDICATOR,-0.54998779296875,-1.949951171875,998.050048828125
27,2023-11-29 11:25:00+05:30,2023-11-29 12:25:00+05:30,928.0,931.3499755859375,INDICATOR,3.3499755859375,1.4000244140625,1001.4000244140625
28,2023-11-29 12:41:00+05:30,2023-11-29 14:07:00+05:30,932.3499755859375,935.4000244140625,INDICATOR,3.050048828125,4.4500732421875,1004.4500732421875
29,2023-11-29 14:12:00+05:30,2023-11-29 14:13:00+05:30,935.7000122070312,934.9500122070312,INDICATOR,-0.75,3.7000732421875,1003.7000732421875
30,2023-11-29 14:30:00+05:30,2023-11-29 15:16:00+05:30,935.5499877929688,940.0,EOD,4.45001220703125,8.15008544921875,1008.1500854492188
31,2023-11-30 09:15:00+05:30,2023-11-30 09:20:00+05:30,940.0,939.3499755859375,INDICATOR,-0.6500244140625,7.50006103515625,1007.5000610351562
32,2023-11-30 10:43:00+05:30,2023-11-30 10:52:00+05:30,932.0,930.5,INDICATOR,-1.5,6.00006103515625,1006.0000610351562
33,2023-11-30 11:15:00+05:30,2023-11-30 11:35:00+05:30,931.4000244140625,930.4500122070312,INDICATOR,-0.95001220703125,5.050048828125,1005.050048828125
34,2023-11-30 11:51:00+05:30,2023-11-30 12:22:00+05:30,931.0499877929688,930.75,INDICATOR,-0.29998779296875,4.75006103515625,1004.7500610351562
35,2023-11-30 12:37:00+05:30,2023-11-30 14:02:00+05:30,932.0,934.3499755859375,INDICATOR,2.3499755859375,7.10003662109375,1007.1000366210938
36,2023-11-30 14:24:00+05:30,2023-11-30 14:47:00+05:30,935.0499877929688,934.25,INDICATOR,-0.79998779296875,6.300048828125,1006.300048828125
37,2023-11-30 15:08:00+05:30,2023-11-30 15:16:00+05:30,936.0,935.9000244140625,EOD,-0.0999755859375,6.2000732421875,1006.2000732421875
38,2023-12-01 09:17:00+05:30,2023-12-01 10:48:00+05:30,936.5499877929688,944.5499877929688,INDICATOR,8.0,14.2000732421875,1014.2000732421875
39,2023-12-01 10:50:00+05:30,2023-12-01 10:51:00+05:30,945.2999877929688,944.8499755859375,INDICATOR,-0.45001220703125,13.75006103515625,1013.7500610351562
40,2023-12-01 11:26:00+05:30,2023-12-01 12:07:00+05:30,945.0,945.0499877929688,INDICATOR,0.04998779296875,13.800048828125,1013.800048828125
41,2023-12-01 12:35:00+05:30,2023-12-01 12:47:00+05:30,945.3499755859375,944.9500122070312,INDICATOR,-0.39996337890625,13.40008544921875,1013.4000854492188
42,2023-12-01 13:16:00+05:30,2023-12-01 14:37:00+05:30,944.9000244140625,948.2999877929688,INDICATOR,3.39996337890625,16.800048828125,1016.800048828125
43,2023-12-04 09:15:00+05:30,2023-12-04 10:10:00+05:30,966.0,972.5499877929688,INDICATOR,6.54998779296875,23.35003662109375,1023.3500366210938
